4
2
5
7
9
4
2 9
7 2
7 9
9 5
7
9
Expected - 2, 7
---------------------------------------------
4
1
2
3
4
4
1 2
2 3
1 4
4 3
1
3
Expected - 2, 4
---------------------------------------------
6
1
2
3
4
5
6
5
1 2
2 3
3 6
3 4
3 5
1
3
Expected - 2
---------------------------------------------
5
1
2
3
4
5
5
1 2
2 3
3 1
3 4
4 5
1
5
Expected  - 4
---------------------------------------------
5
1
2
3
4
5
6
1 2
2 3
3 1
3 4
3 5
1 5
1
5
Expected - 1, 3
---------------------------------------------
5
1
2
3
4
5
5
1 2
2 3
2 4
3 4
4 5
1
5
Expected - 4
------------------------------------------------
Disjoint => -1